3.23
3.58
3.62
3.66
3.14
19.5
19.99
20.51
20.82
21.79
21.81
19.29
41.5
42.87
43.22
44.52
45.8
45.27
40.57
246.57
251.23
261.18
317.13
257.46
3.7
21.86
47.24
257.96
283.17
285.1
665.56
669.43
654.57
612.92
569.43
477.8
486.35
537.38
2.28
1.98
1.9
1.94
1.54
1.88
1.84
2.26
12.53
10.71
10.55
10.24
9.88
9.19
9.75
10.29
24.89
23.16
22.67
20.81
20.21
20.25
19.75
20.89
138.9
150.74
286.63
152.82
139.68
137.04
138.38
136.66
350.64
343.09
325.68
306.75
293.55
290.72
297.56
283.42
3.61
3.62
3.36
3.17
2.52
1.85
1.85
0.78
25.43
24.66
21.9
20.48
15.5
12.37
10.02
3.99
42.72
43.02
53.95
43.47
34.74
26.45
25.8
9.72
328.8
314.58
286.34
246.18
191.62
153.78
147.63
53.48
713.61
674.37
616.19
543.96
418.55
298.42
293.67
105.15
3
